%YAML:1.0
---
names:
  - "01"
  - "02"
  - "03"
  - "04"
  - "05"
  - "06"
  - "07"
  - "08"
  - "09"
  - "10"
  - "11"
  - "13"
  - "14"
  - "17"
  - "18"
  - "19"
  - "20"
  - "23"
K_01: !!opencv-matrix
  rows: 3
  cols: 3
  dt: d
  data: [1147.069, 0.000, 564.091, 0.000, 1191.375, 599.568, 0.000, 0.000, 1.000]
dist_01: !!opencv-matrix
  rows: 1
  cols: 5
  dt: d
  data: [-0.135, 0.316, 0.027, 0.012, -0.371]
K_02: !!opencv-matrix
  rows: 3
  cols: 3
  dt: d
  data: [1147.069, 0.000, 564.091, 0.000, 1191.375, 599.568, 0.000, 0.000, 1.000]
dist_02: !!opencv-matrix
  rows: 1
  cols: 5
  dt: d
  data: [-0.135, 0.316, 0.027, 0.012, -0.371]
K_03: !!opencv-matrix
  rows: 3
  cols: 3
  dt: d
  data: [1147.069, 0.000, 564.091, 0.000, 1191.375, 599.568, 0.000, 0.000, 1.000]
dist_03: !!opencv-matrix
  rows: 1
  cols: 5
  dt: d
  data: [-0.135, 0.316, 0.027, 0.012, -0.371]
K_04: !!opencv-matrix
  rows: 3
  cols: 3
  dt: d
  data: [1147.069, 0.000, 564.091, 0.000, 1191.375, 599.568, 0.000, 0.000, 1.000]
dist_04: !!opencv-matrix
  rows: 1
  cols: 5
  dt: d
  data: [-0.135, 0.316, 0.027, 0.012, -0.371]
K_05: !!opencv-matrix
  rows: 3
  cols: 3
  dt: d
  data: [1147.069, 0.000, 564.091, 0.000, 1191.375, 599.568, 0.000, 0.000, 1.000]
dist_05: !!opencv-matrix
  rows: 1
  cols: 5
  dt: d
  data: [-0.135, 0.316, 0.027, 0.012, -0.371]
K_06: !!opencv-matrix
  rows: 3
  cols: 3
  dt: d
  data: [1147.069, 0.000, 564.091, 0.000, 1191.375, 599.568, 0.000, 0.000, 1.000]
dist_06: !!opencv-matrix
  rows: 1
  cols: 5
  dt: d
  data: [-0.135, 0.316, 0.027, 0.012, -0.371]
K_07: !!opencv-matrix
  rows: 3
  cols: 3
  dt: d
  data: [1147.069, 0.000, 564.091, 0.000, 1191.375, 599.568, 0.000, 0.000, 1.000]
dist_07: !!opencv-matrix
  rows: 1
  cols: 5
  dt: d
  data: [-0.135, 0.316, 0.027, 0.012, -0.371]
K_08: !!opencv-matrix
  rows: 3
  cols: 3
  dt: d
  data: [1147.069, 0.000, 564.091, 0.000, 1191.375, 599.568, 0.000, 0.000, 1.000]
dist_08: !!opencv-matrix
  rows: 1
  cols: 5
  dt: d
  data: [-0.135, 0.316, 0.027, 0.012, -0.371]
K_09: !!opencv-matrix
  rows: 3
  cols: 3
  dt: d
  data: [1147.069, 0.000, 564.091, 0.000, 1191.375, 599.568, 0.000, 0.000, 1.000]
dist_09: !!opencv-matrix
  rows: 1
  cols: 5
  dt: d
  data: [-0.135, 0.316, 0.027, 0.012, -0.371]
K_10: !!opencv-matrix
  rows: 3
  cols: 3
  dt: d
  data: [1147.069, 0.000, 564.091, 0.000, 1191.375, 599.568, 0.000, 0.000, 1.000]
dist_10: !!opencv-matrix
  rows: 1
  cols: 5
  dt: d
  data: [-0.135, 0.316, 0.027, 0.012, -0.371]
K_11: !!opencv-matrix
  rows: 3
  cols: 3
  dt: d
  data: [1147.069, 0.000, 564.091, 0.000, 1191.375, 599.568, 0.000, 0.000, 1.000]
dist_11: !!opencv-matrix
  rows: 1
  cols: 5
  dt: d
  data: [-0.135, 0.316, 0.027, 0.012, -0.371]
K_13: !!opencv-matrix
  rows: 3
  cols: 3
  dt: d
  data: [1147.069, 0.000, 564.091, 0.000, 1191.375, 599.568, 0.000, 0.000, 1.000]
dist_13: !!opencv-matrix
  rows: 1
  cols: 5
  dt: d
  data: [-0.135, 0.316, 0.027, 0.012, -0.371]
K_14: !!opencv-matrix
  rows: 3
  cols: 3
  dt: d
  data: [1147.069, 0.000, 564.091, 0.000, 1191.375, 599.568, 0.000, 0.000, 1.000]
dist_14: !!opencv-matrix
  rows: 1
  cols: 5
  dt: d
  data: [-0.135, 0.316, 0.027, 0.012, -0.371]
K_17: !!opencv-matrix
  rows: 3
  cols: 3
  dt: d
  data: [1147.069, 0.000, 564.091, 0.000, 1191.375, 599.568, 0.000, 0.000, 1.000]
dist_17: !!opencv-matrix
  rows: 1
  cols: 5
  dt: d
  data: [-0.135, 0.316, 0.027, 0.012, -0.371]
K_18: !!opencv-matrix
  rows: 3
  cols: 3
  dt: d
  data: [1147.069, 0.000, 564.091, 0.000, 1191.375, 599.568, 0.000, 0.000, 1.000]
dist_18: !!opencv-matrix
  rows: 1
  cols: 5
  dt: d
  data: [-0.135, 0.316, 0.027, 0.012, -0.371]
K_19: !!opencv-matrix
  rows: 3
  cols: 3
  dt: d
  data: [1147.069, 0.000, 564.091, 0.000, 1191.375, 599.568, 0.000, 0.000, 1.000]
dist_19: !!opencv-matrix
  rows: 1
  cols: 5
  dt: d
  data: [-0.135, 0.316, 0.027, 0.012, -0.371]
K_20: !!opencv-matrix
  rows: 3
  cols: 3
  dt: d
  data: [1147.069, 0.000, 564.091, 0.000, 1191.375, 599.568, 0.000, 0.000, 1.000]
dist_20: !!opencv-matrix
  rows: 1
  cols: 5
  dt: d
  data: [-0.135, 0.316, 0.027, 0.012, -0.371]
K_23: !!opencv-matrix
  rows: 3
  cols: 3
  dt: d
  data: [1147.069, 0.000, 564.091, 0.000, 1191.375, 599.568, 0.000, 0.000, 1.000]
dist_23: !!opencv-matrix
  rows: 1
  cols: 5
  dt: d
  data: [-0.135, 0.316, 0.027, 0.012, -0.371]
